T=0.97
CPA=-2.865
CPB=2.13371e-16
EW=0
FW=0
J=0
LS=6.74 6.74 6.74
t=0

46 46
0 0

1
1.600789	1.470667	2.332563
0.000 0.000 0.000

1
6.814760	0.970631	0.899241
0.000 0.000 0.000

1
2.978529	2.434652	6.527689
0.000 0.000 0.000

1
3.833753	4.042514	0.254362
0.000 0.000 0.000

1
3.205447	1.019264	2.237217
0.000 0.000 0.000

1
5.278702	6.498669	2.984463
0.000 0.000 0.000

1
3.489515	5.422074	1.245412
0.000 0.000 0.000

1
6.008753	1.943934	-0.125813
0.000 0.000 0.000

1
2.463386	2.250482	2.277506
0.000 0.000 0.000

1
3.380053	3.102894	4.110746
0.000 0.000 0.000

1
2.258130	5.473016	5.409727
0.000 0.000 0.000

1
6.108836	5.867661	3.338408
0.000 0.000 0.000

1
4.672205	2.630403	0.871024
0.000 0.000 0.000

1
5.734231	4.457353	3.801626
0.000 0.000 0.000

1
0.701958	2.632865	6.541411
0.000 0.000 0.000

1
2.667189	4.667743	1.412000
0.000 0.000 0.000

1
4.496885	2.023166	5.477090
0.000 0.000 0.000

1
1.185405	6.293133	1.304666
0.000 0.000 0.000

1
1.610273	4.920621	0.903280
0.000 0.000 0.000

1
4.905832	5.669416	1.109868
0.000 0.000 0.000

1
2.606126	5.376524	0.433180
0.000 0.000 0.000

1
5.823913	3.009943	3.237058
0.000 0.000 0.000

1
1.058822	4.205913	0.132170
0.000 0.000 0.000

1
2.764873	5.277048	3.761691
0.000 0.000 0.000

1
3.149434	3.328680	0.324195
0.000 0.000 0.000

1
6.672464	4.228328	3.561048
0.000 0.000 0.000

1
0.499687	5.660608	4.753449
0.000 0.000 0.000

1
3.726321	3.120943	5.960580
0.000 0.000 0.000

1
3.245572	3.675137	3.057059
0.000 0.000 0.000

1
3.983685	2.619492	0.079163
0.000 0.000 0.000

1
4.528913	1.292137	1.907260
0.000 0.000 0.000

1
1.913664	1.594095	1.295868
0.000 0.000 0.000

1
0.495384	3.118105	0.905407
0.000 0.000 0.000

1
6.173063	2.828250	0.554550
0.000 0.000 0.000

1
1.203196	1.104450	0.545226
0.000 0.000 0.000

1
5.274855	3.948383	0.796632
0.000 0.000 0.000

1
1.228126	2.285505	0.913233
0.000 0.000 0.000

1
3.742309	4.750862	4.420676
0.000 0.000 0.000

1
4.525315	3.604885	1.760936
0.000 0.000 0.000

1
0.742247	4.020716	5.510935
0.000 0.000 0.000

1
4.237715	4.592146	1.120157
0.000 0.000 0.000

1
5.587925	2.923717	6.293368
0.000 0.000 0.000

1
6.409604	6.886148	0.236329
0.000 0.000 0.000

1
0.197906	1.524155	4.953307
0.000 0.000 0.000

1
5.134661	0.473411	6.285265
0.000 0.000 0.000

1
1.818737	5.504629	6.340432
0.000 0.000 0.000

